0
0
0
0
0
0
0
0
0
0
0
0
0
0
0
1
1
1
1
1
1
1
1
1
2
1
2
2
2
2
3
3
3
3
3
3
3
3
3
3
3
3
3
3
3
3
3
3
3
3
3
3
3
3
3
3
3
3
3
3
4
4
4
4
4
4
4
4
4
4
4
4
4
4
4
5
5
5
5
5
5
5
5
5
6
6
6
7
7
7
6
6
6
6
6
6
6
6
6
6
6
6
7
7
7
3
3
3
3
3
3
3
3
3
3
3
3
3
3
3
8
8
8
8
8
8
8
8
8
6
6
6
6
6
6
9
9
9
10
10
10
10
10
10
10
10
10
10
10
10
11
11
11
11
11
11
11
11
11
11
11
11
11
11
11
12
12
12
13
13
6
13
13
13
13
13
13
13
13
13
12
12
12
12
12
12
14
14
14
14
14
14
14
14
14
15
15
15
15
15
15
15
15
15
15
15
15
15
15
15
12
12
12
12
12
15
15
15
15
15
15
15
15
15
15
12
12
12
12
12
12
12
12
12
12
12
12
12
12
12
16
16
16
16
16
16
14
14
14
14
14
14
14
14
14
16
16
16
17
17
17
17
17
17
17
17
17
17
17
17
16
16
11
16
16
16
13
13
13
13
13
13
13
13
6
18
18
18
16
16
16
16
16
16
12
12
12
12
12
12
9
9
9
9
9
9
9
9
9
9
9
9
6
6
6
5
5
5
19
19
19
19
19
19
20
20
20
20
20
20
19
19
19
19
19
19
6
6
6
6
6
6
6
6
6
0
0
0
0
0
0
0
0
0
0
0
0
0
0
0
21
21
21
22
22
22
22
22
22
22
22
22
21
6
21
1
1
1
1
1
1
1
2
1
1
2
1
1
2
1
23
23
23
23
23
23
23
23
23
0
0
0
0
0
0
6
6
6
23
23
23
6
6
6
0
0
0
0
0
0
24
24
24
24
24
24
24
24
24
24
24
24
24
24
24
25
25
25
25
25
25
17
17
17
17
17
17
17
17
17
25
25
25
25
25
25
26
26
26
27
27
27
27
27
27
26
26
26
17
26
26
27
27
27
27
27
27
27
27
27
26
26
26
26
26
26
27
27
27
27
27
27
27
27
27
25
25
25
6
17
17
27
17
17
17
17
17
17
17
17
25
25
25
27
27
27
27
27
27
27
27
27
27
28
28
25
25
25
25
25
25
25
25
25
17
17
28
17
17
28
29
29
29
29
29
29
29
29
29
29
29
29
29
29
29
30
30
30
30
30
30
30
30
30
30
30
30
30
30
30
31
31
31
31
31
31
31
31
31
32
31
31
32
32
32
31
31
31
31
31
31
31
31
31
33
33
33
32
33
33
29
29
29
29
29
29
29
29
29
29
29
29
29
29
29
34
34
34
34
34
34
2
2
2
2
2
2
2
2
2
35
35
35
35
35
35
35
35
35
35
35
35
35
35
35
31
31
31
31
31
31
31
31
31
31
31
31
31
31
31
6
6
6
36
36
36
36
36
36
37
37
37
37
37
37
5
5
5
5
5
5
5
5
5
5
5
5
5
5
5
6
6
6
6
6
6
6
6
6
38
38
38
38
38
38
28
28
28
28
28
28
28
28
28
28
28
28
28
28
28
26
26
26
26
26
28
28
28
28
28
28
28
28
28
28
7
7
7
7
7
7
7
7
7
7
7
7
7
7
7
18
18
18
18
18
18
18
18
18
16
16
16
16
16
16
25
25
25
25
25
25
25
25
25
25
25
25
25
25
25
11
11
11
13
13
13
13
13
13
13
13
13
13
13
13
11
11
11
16
16
11
13
16
16
13
13
13
13
13
13
16
16
16
16
16
16
16
16
16
16
16
16
12
12
16
18
18
18
18
18
18
18
18
18
12
12
12
14
14
14
24
24
24
24
24
24
24
24
24
24
24
24
24
24
24
6
6
6
39
39
39
39
39
39
40
40
40
40
40
6
6
6
6
6
6
6
6
6
6
41
41
41
41
41
41
34
34
34
34
34
34
34
34
34
34
34
34
34
34
34
2
2
2
2
2
2
2
2
2
2
2
2
2
2
2
42
42
42
42
42
6
43
43
43
43
43
43
43
43
43
42
42
42
19
19
19
19
19
19
19
19
19
20
20
20
6
6
6
6
6
6
6
44
44
35
35
44
35
35
44
6
6
6
6
6
6
6
7
7
7
7
7
35
35
35
6
6
6
6
6
6
6
6
6
6
6
6
6
6
6
45
45
45
45
45
6
6
6
6
6
6
6
30
30
30
46
46
46
30
30
30
30
30
30
30
30
30
30
30
14
14
14
14
14
14
14
14
14
14
14
14
14
14
14
14
46
46
46
46
46
46
46
46
46
46
46
46
46
46
46
46
46
46
47
47
47
47
47
47
47
47
47
47
47
47
47
47
47
47
47
47
47
47
47
47
47
47
47
47
47
